ID,202109,202108,202107,202106,202105,202104,202102,202101,202100,202099,202098,202097,202096,202095,202094,202093,202091,202090,202089,202088,202087,202086,202085,202084,202083,202082,202081,202080,202079,202078,202077,202076,202075,202074,202073,202072,202071,202070,202069,202067,202066,202065,202064,202061,202060,202059,202058,202057,202053,202052,202051,202050,202049,202047,202046,202041,202040,202039,202038,202037,202035,202034,202033,202032,202031,202030,202029,202028,202027,202026,202025,202024,202023,202022,202021,202020,202019,202018,202017,202016,202013,202012,202011,202010,202007,202006,202005,202004,202003,202002,202001
202109,1.0,0.7662095118514028,-0.16408875698658493,-0.013025951328357826,0.2472040070753967,-0.1085305911146451,0.18683448559462848,0.25521254042312247,0.38107709711877863,-0.14853868276940949,0.6976227860631424,0.01882775367538609,0.26722630234986244,0.7091285708966669,0.6568409444996743,0.2330897532452119,0.27415213583942766,-0.5876778711686005,0.060535623488561355,0.365869550716375,0.6211414863507034,0.31525701814844315,0.8067361911559288,0.46303643177532244,0.4642619462026333,0.014022007996417807,-0.12772543785898532,0.44431720240058264,-0.08162073038031663,-0.34101618160517183,0.7243963699971856,0.03642082279754783,0.07807142438339712,-0.2220984771038016,0.3319108029624278,0.12929034387951185,-0.06257285760674913,-0.3069477521934381,0.059753057506095754,0.021656015929552082,-0.074837163495897,0.5082622603911685,-0.2548388222347604,-0.3027457113499376,0.5497008669655238,0.17431550664355797,-0.4399867467891704,0.8142797464902312,0.8141346734291791,0.1287449635845154,0.8068606359304656,-0.058400290778686595,0.2170096707273708,-0.07332926643649469,-0.09206248341514109,0.06723167931502201,0.8697288548252028,-0.22921470159234397,0.37692257423440345,0.392621891439964,0.2397810814649959,0.34441556472450885,-0.17522515678788564,0.5281905033201107,0.4727516746647611,-0.055705271794458215,0.6586842974242996,0.47471045844733184,0.4393865415462536,0.18274127665058282,0.4716353733002979,0.6937185796972257,0.25411104744273055,0.6633473526616827,0.6623843020332725,0.03195301339666272,0.1722454392968404,0.1930166245250437,-0.35334990100241426,0.5300909745664482,-0.11774245587376322,0.5005944658554259,-0.1850276605294992,0.5419367954261802,0.20103086805904125,0.3720688359038753,0.642450660305443,0.200528835185981,0.023148510464148883,-0.0005427777198674332,0.28060244612679325
202108,0.7662095118514028,1.0,-0.0765976027318902,-0.2725396560878619,0.5839829238898867,-0.3558360723054315,0.13781260270500215,0.30868923997781955,-0.017855445451333347,0.1193094212084186,0.5169466314340971,0.3803779727190826,0.6086421733183618,0.550665632413262,0.7285568774742333,0.43201450843908323,0.15320591290013938,-0.5570259219721682,0.3432157840229919,0.29987355616996875,0.6344720123520934,0.7072223078562301,0.8801108704531536,0.6793284922583517,0.43542585534086553,-0.1939025813345242,-0.09042938310122677,0.6275428155658955,0.09222880160866213,-0.6243744757451954,0.6801631794816568,0.24290858205463448,-0.1874802250029463,0.2334195341982958,0.21434293213327088,-0.04219795662726391,-0.1375309482634064,-0.256294681488692,0.48516286303307765,0.4540598273110313,0.09319924362001133,0.6837519976980713,0.1928886172698117,-0.20499692624144336,0.44998636510689527,0.4913893718159207,-0.044068464209536,0.7487357814243621,0.8409781292213317,-0.10673191987876762,0.8364145412787368,0.368236793055692,0.5629516128853332,-0.10789392531220952,0.08466079773084198,0.4146242555330235,0.580919503458787,0.19226225598551772,0.530729188761147,0.019323669846439687,0.18211856361615217,0.48897905470846004,-0.04973073014944328,0.7489628193516378,0.5470706124673175,0.008900570220593847,0.6530354782177464,0.49439184130273617,0.4848186206911568,0.565090710909412,0.5803664791851224,0.8146021281412171,0.43855784105070594,0.8999004080469029,0.8400201285390082,0.37706641579438305,0.09636920381718755,0.31952259994255316,-0.10074842529701948,0.44299172792655206,0.3042670918929452,0.327245420052429,-0.027256340513426052,0.5280796482650483,0.4221776363592575,0.17050773314021617,0.6857110316977004,0.43993813701137274,0.042876758841071914,-0.29149729554457393,0.11190566112198402
202107,-0.16408875698658493,-0.0765976027318902,1.0,0.39760369252100686,0.017156101694622027,0.6441007653728851,0.46788034341351736,0.06908295392610611,-0.22540674565858487,0.05004431385138784,-0.5054628470691023,0.540358038350757,-0.05910263663280228,-0.22682485143240597,-0.31072335429979697,0.0028456118934146414,0.14325126291937088,0.5828986245679251,0.20292970966316862,0.11983850387389856,-0.18192446168693605,-0.10546591998503735,-0.2691776841465884,-0.3530053028734695,0.3323307262599233,-0.35189608146889056,0.4667077326685288,-0.41161208345422906,0.3360361361030888,0.5279037805127296,-0.45495539218094017,0.6963502812709764,0.4368238204683886,0.45109696321018966,0.09239035446046578,0.6484706971010855,0.7592869238250365,0.5695053606840158,0.460802248703333,-0.03083889918775694,0.7082061871583543,-0.3150774676565897,0.5389218472456775,0.7457941819863325,-0.18390325203018057,-0.01819266648294833,0.6825069789299882,0.12291313992232206,-0.12993603899443001,0.21754057361922222,-0.4431033183364325,0.5446113454303505,0.27391905552101137,0.4016580139992823,0.11680460177578428,0.5224667165333434,0.003240917755305755,0.5358163302958696,0.3235959532354213,-0.12675661635480612,0.6114778498815769,0.28704320030505975,0.7581697203898986,0.17975357392396815,-0.22739382141037068,0.5668683764245559,0.05169521790130822,-0.28013526186344306,-0.24061401616391945,-0.15202389408274847,0.6412480169139518,-0.14740384359663666,0.31886174450755345,-0.21593229818027476,-0.5433755491829976,0.5002264412419967,0.543292329316311,-0.38204151761611016,0.7008490762114298,0.36416065350706445,0.5191963123121726,0.5897933016912087,0.10320729427869284,0.18605935902108478,0.2907410574648935,0.36650714453231253,0.006199156192249403,0.4986298084692436,0.5933268685665544,0.5394639605298365,-0.10150472057881928
202106,-0.013025951328357826,-0.2725396560878619,0.39760369252100686,1.0,0.11437086586097382,0.7706547022293676,0.12058248492638536,0.23827202001772232,0.15356844666753716,0.41588376076657485,0.12026544664592385,-0.24642504762204506,-0.5280663268700949,-0.1662891837320227,-0.26644042215201924,0.03726151928531498,-0.01736783068699699,0.6205511735802244,0.05038112853452412,-0.10000514599055248,-0.26593897256934457,-0.4491195064579304,-0.26170148369036506,-0.5114461425701613,0.4459838581375047,-0.37539044083083756,0.5713348385652459,-0.03798099791302932,-0.28428475571221523,0.8117710816713617,-0.20932397747763543,0.31010313067636247,0.6586584022082487,0.1059159167608997,0.10250072056494867,0.5963881943418502,0.710993334048656,0.31669860407547795,-0.07094211335334506,-0.06385822906781277,0.2115724087848642,-0.1415224962397299,0.18754405445493214,0.45603146430097996,0.14542808035000584,0.011858677300101829,0.2497243337484963,0.015366308853873568,0.11026466778386962,0.6531551736632021,-0.2418392627323162,0.027448114477781036,-0.040395745666237826,0.6471101343741436,0.13854638279389414,-0.24590798906271671,0.16758596433930703,-0.20103996473678667,0.23199703398150223,0.7430201565304039,-0.1226343543234187,0.1727518327487456,0.5589692761061834,0.008023709585613364,-0.1554768863259033,0.31281260929417065,0.09013278130789379,0.09465780168860731,-0.015184784650275335,-0.0958612252576217,0.25462959371138844,-0.357667961229674,0.01591545771844761,-0.5629118616373068,-0.4162364378815938,-0.018895933256808793,0.44475459857159594,-0.06844629022233423,0.34736948939293355,0.038622341458935505,-0.08823712752805078,0.39416994705418196,0.5803803975819645,-0.28947390582255894,0.12378225057829605,0.026949973551848576,0.09363541870820676,0.13212717433591326,0.8258494941588245,0.920745481407599,0.48044878598842333
202105,0.2472040070753967,0.5839829238898867,0.017156101694622027,0.11437086586097382,1.0,-0.29819859984445274,-0.1986703996167886,0.5262425508892477,-0.4349321639041226,0.5954750014098722,0.18689491411220863,0.3624502013059728,0.2498583070635308,0.05280871083631278,0.14793088897430048,0.8501360437592648,-0.07571541916787773,-0.013385282598261895,0.5389915977469016,-0.08895824286425331,0.11591349572923877,0.7221088711353267,0.4072412334704465,0.4535990561477748,0.2817473740781011,-0.23902422344725255,0.45566479568647494,0.6913862360732245,-0.3270754682399806,-0.3901770903241173,0.2597655399683133,0.334821188464364,-0.09869303412201869,0.6666524625751765,-0.049053671595685425,-0.017655811922325706,0.2729724593437459,-0.04621570255021708,0.7208235016805586,0.7755506072827135,0.3911024442304964,0.39024048357180996,0.683129365547055,0.23040393024033043,0.09203037124312645,0.4799032754678358,0.326806489536789,0.18156924679951786,0.7230064635902422,0.18609383713253924,0.5470015075750739,0.5304820458282922,0.7475170490627767,0.3526193021354498,0.5498234684207497,0.4479249238303611,0.1381663590027039,0.34571782341128254,0.6602303077873201,0.01788490404191239,-0.160861916308667,0.2963959115831197,0.3696764089598575,0.5485628108567285,0.43026762930490753,0.3876075894629042,0.3435080641906555,0.6481103345617009,0.15658270939572752,0.8713512948837093,0.5085573598031295,0.2063188521813739,0.3511112104749214,0.467258872554315,0.5174514291159303,0.47125318109799225,0.4157836157342332,0.31264731903274684,0.34113931702990485,-0.022752724774843337,0.5199571728553332,0.00965434097457751,0.5158599651731727,0.19305705006917834,0.36083767859227783,-0.4747127361270365,0.3880830872353353,0.42876572169803195,0.43223188681983976,0.020262320137113637,0.46377679547489
202104,-0.1085305911146451,-0.3558360723054315,0.6441007653728851,0.7706547022293676,-0.29819859984445274,1.0000000000000002,0.2905260869674134,-0.018211375500218643,0.10342929328621213,-0.07444330476505061,-0.1331774464900123,-0.17841254376789042,-0.45796615103298705,-0.1730516502001371,-0.37732749006819605,-0.3939743420646406,0.22356170218721502,0.6074042111069226,-0.130100064783041,0.061788430531604405,-0.20199569734323672,-0.6212845540014647,-0.4007374306005648,-0.7497073255402555,0.3456688600154403,-0.20180933455302458,0.4395385169216262,-0.47061464619809107,0.1945901126054577,0.8353928825898462,-0.3419397367414429,0.3751016698669016,0.6525657553552983,-0.13623233282274613,0.254880076016174,0.8329262353428117,0.621329578866214,0.4735063789909274,-0.15843941028739042,-0.5058655354933899,0.29209176787255736,-0.4496776475328617,-0.04784569516030562,0.3925462838445464,0.061537594879468534,-0.3129908471569953,0.2258061597286425,0.1371261419903227,-0.23110710952031194,0.6328645654483938,-0.47819125665519047,-0.021486411073237874,-0.2200728931701526,0.42170051738077274,-0.201913150372902,-0.19577821541039467,0.22912272448745513,-0.2337242705031172,0.06835612905769278,0.5016790388000071,0.255774958325501,0.33804101278397025,0.4710643850975375,0.017886925372554197,-0.2354276631418972,0.3019394322365674,-0.1809359923011784,-0.28605046057210104,-0.29873503320088973,-0.5809974513457635,0.2742433649787448,-0.3989662057331649,-0.16910461202279617,-0.6291431714192618,-0.6825444791844364,-0.16300080409572842,0.3331326708101817,-0.3195357374925919,0.26321605291319033,0.3631987814094689,-0.15183646871322545,0.6139485448976755,0.16060170953820338,-0.12065309561605504,-0.059784949487167505,0.4805028147686715,0.0407148528267132,0.0706940885953838,0.6813904357005107,0.8565010273000397,0.19011260669048952
202102,0.18683448559462848,0.13781260270500215,0.46788034341351736,0.12058248492638536,-0.1986703996167886,0.2905260869674134,0.9999999999999999,-0.10143675767077265,-0.1124344498162293,-0.0680251386740108,0.2559810668037425,0.20975596454843826,0.2757083692956588,0.1707223371893385,0.3667462737215058,-0.3726551527708708,-0.1653359411318978,0.0794300478260586,0.13177903532383828,0.4402067841434286,0.21018972526696897,-0.11366815364776599,0.03378496969027929,-0.287092268528213,0.6114946306032304,-0.09931658725654641,-0.11024568398781816,-0.1374066416587788,0.33312926868635095,0.2671416878376521,0.042839634034009574,0.615796786189679,-0.10340626908472506,0.14201404520657,0.013150784351097148,0.416429492465482,0.43613232780641986,0.5407865877635958,0.26160003776240515,-0.2081797334476144,-0.03289990316008209,0.33522031023784365,0.1568876064089694,0.4508298479990303,0.5154842602163203,0.4538545850250061,0.48593310266128004,0.5287731380944906,-0.02112016216510668,-0.15431417823345608,-0.23277843044654756,0.32417890648683684,0.02220159350852691,0.031142842566586306,-0.42312719931957105,0.2558312006612714,0.2576732498903134,0.32288589741762025,0.0560444927828318,0.20327335933397708,0.13657990560116812,0.5445780628950684,0.08616011496918628,0.3602914526577088,-0.39572347722402507,-0.22736434405614236,0.07930368987202496,-0.5014946624637762,0.324436611486357,-0.1771539804250537,0.580632872383694,0.20311165226744318,0.3684550500098696,0.1606313892387266,-0.10159037151133489,0.36415367851940833,-0.2448908892163318,0.010972509333311658,0.37612939269290485,0.5136050643356577,0.13166730892432219,0.6792616179049072,-0.44654407505239896,-0.11661466511718256,0.39468270762486196,0.6325826768671363,0.4018284388203035,0.1911963322805164,0.264985960054242,0.23199277700424217,-0.41992642866297514
202101,0.25521254042312247,0.30868923997781955,0.06908295392610611,0.23827202001772232,0.5262425508892477,-0.018211375500218643,-0.10143675767077265,1.0,0.005645241655142375,0.16418944177266062,0.1111019877675653,0.4681929367415149,0.46389127615374987,-0.45342944892793274,0.04620461074666043,0.5512245133628971,0.6147497179677741,0.2508892867725804,-0.37057614292724683,0.6150142137201675,-0.4865025585612571,0.619539713741676,0.5324447184916824,0.34185893300809994,-0.07589268442649551,-0.018272854471000338,0.7101052210971655,-0.021757414106857196,-0.48655113571317965,-0.01003975232761836,-0.26149616111844104,0.5337859607183983,0.5146714420159072,0.5322174499282567,0.736422169567358,0.21633078524646498,0.06889074743670574,-0.48847867839600734,0.45955612757654535,0.23493113683640124,0.5639253917313148,0.2202108900267708,0.3636764412706974,-0.1495061868421176,-0.28454957944684905,0.29945849368185995,0.16749375488615567,0.09063517291391616,0.35118541896455624,0.5110555516605627,0.31367799068703456,0.6131378834021319,-0.05781711837115281,0.8310976779884797,0.7744881874740761,0.5371052338945371,0.3875361994785157,0.15817015959941844,0.9123765272023796,0.11270303401801927,0.04130816428408798,0.13393608140023816,0.6036000513090785,0.5734813922093314,0.7592340256577071,0.6692774343517948,0.3754982754614694,0.7854763935574901,-0.1991862126393864,0.3296814152883422,0.38827301034660416,0.3744112099370739,-0.2585590880045526,0.3289437403359717,0.09987125360878703,0.5268286936007396,0.46073851915677216,-0.5117362801860973,-0.15127896020924378,0.4036483881648397,0.5966145204896695,0.30094619667949,0.3432179960743746,-0.09464025995560715,-0.31509436063718155,0.06954813435151266,0.6128225249959022,0.7708729628958503,0.4879094100231541,0.37885669367184466,0.07294799934982713
202100,0.38107709711877863,-0.017855445451333347,-0.22540674565858487,0.15356844666753716,-0.4349321639041226,0.10342929328621213,-0.1124344498162293,0.005645241655142375,1.0,-0.240629247969326,0.2732916410359671,-0.17772767968704742,-0.06293731324863264,0.2583200698578844,0.16227825385938668,-0.10709872449186827,0.30371953006708236,-0.08738579942974697,-0.3893535423909351,0.19634179165527793,0.04190299886289334,-0.2978613416289,0.29496855840229486,0.26491127756660465,-0.16426529017829244,-0.31662057552961503,-0.19051613329577372,-0.09549570570470606,0.017932940963051064,0.26964875151250745,0.18688367807906628,-0.352913561940801,0.5071291681464783,-0.441609832462756,0.29186195663389286,-0.08685428758773434,-0.31963916556311245,-0.45698150165325513,-0.535454549140448,-0.2379424806411771,-0.21865113212684606,0.023232173275511744,-0.5093875168804424,-0.42525292932148345,-0.006291277681490735,-0.23231212751072194,-0.5565334261721397,-0.002583295907731007,0.0658363591625522,0.03514653441439564,0.24529326667129525,-0.4484703993090668,-0.42304091128194005,-0.04048819210357119,0.020723752622425144,-0.3424870512662273,0.2597733910925067,-0.31687999379829307,-0.15581298737248742,0.3158549776036117,0.24246035235902225,-0.3992381353887022,-0.13960921136508536,-0.35892138248129624,0.19988271801274565,-0.10123211286245262,0.539736581667626,0.23610947724625553,0.21780470963934184,-0.2391546956915824,-0.32331089621210934,0.36988501319739076,-0.041999058127712124,-0.03614429147236922,0.06649955420419902,-0.23069486254072852,0.11215725333345358,-0.12970049571816197,-0.5535794894600634,-0.03515841738872638,-0.3508141291250701,-0.002978351246786407,0.12902034456496497,0.18063037873125903,-0.12994355008821887,0.2652377676211291,-0.10571507862602007,-0.029414410740780526,-0.2576983415414867,0.09004672842325914,0.11313750024485597
202099,-0.14853868276940949,0.1193094212084186,0.05004431385138784,0.41588376076657485,0.5954750014098722,-0.07444330476505061,-0.0680251386740108,0.16418944177266062,-0.240629247969326,1.0000000000000002,0.09276455400731201,0.02977244196633143,-0.16802350867618449,-0.11210954147651345,0.2032328726782808,0.4008394236943577,-0.5786351330619445,0.15932453284015455,0.5064509259642689,-0.4469086324688213,-0.03153832066740132,0.1266451657670231,-0.009537669433150762,0.09875380493349692,0.4298316855219958,-0.48670123477193034,0.13599381867743676,0.5526597656923918,-0.4774648736363548,0.1337710535427878,0.017924575570452864,0.1163806308164597,-0.03790728930287799,0.576191887251618,-0.39012030957429594,-0.25592722531585643,0.347794576376553,0.08316608720799137,0.24081865501621924,0.7929571455724478,-0.035186014864962895,0.47684717297695356,0.6392067797468841,0.39405185617930855,0.17150935467897133,0.6626794140412804,0.4607802493845879,-0.11736619083466858,0.3577624218488169,-0.14267541576614098,0.006146416645409509,0.36782838663584394,0.45051428856843534,0.2843443204895451,0.3642362664853492,0.03263098840112153,-0.3553439375889023,0.27875465668257066,0.205147428517898,0.2312250995727394,-0.527272071305954,-0.04770240794031474,0.34052203635358097,0.0998490397675923,-0.19764528288000907,-0.0028281028802988905,0.30554667048182776,0.19463463110091875,0.5274797239263315,0.6778851945313177,0.1333805806571785,-0.029718530577608093,0.5105517770832901,-0.05760852484895395,0.22657111791184917,0.41489896408710675,0.08653118231751603,0.41456451246511267,0.5576146046469825,-0.4558006343576162,0.29597151184625853,-0.22919439405954795,0.707397216999463,-0.3764697408131191,0.6158012352200871,-0.6173249318035519,0.046973009333537416,0.2437965243927653,0.44116237299192324,0.1299526334781293,0.1710841941403732
202098,0.6976227860631424,0.5169466314340971,-0.5054628470691023,0.12026544664592385,0.18689491411220863,-0.1331774464900123,0.2559810668037425,0.1111019877675653,0.2732916410359671,0.09276455400731201,1.0,-0.3985563461872235,0.20048422657549106,0.587061941838232,0.6856211743608591,-0.012290710978782095,-0.10532871460072533,-0.45158528769712264,0.09240220112286758,0.2423902179825556,0.5377318029018731,0.09110526587601375,0.5709078708633925,0.19338429890744452,0.5015694866307109,-0.027259923407191997,-0.22903116652278016,0.6065952355744938,-0.13320214001138012,-0.2116301982808169,0.7595907885881996,-0.0386904431337071,-0.18606488856824246,-0.27733119245845334,0.10655613974890782,0.02556197295344872,-0.1502849349157447,-0.14083409014833836,-0.11619651999795783,0.0017004097971291554,-0.5306955611980227,0.681833597842794,-0.3137423897744239,-0.32892190298811963,0.8237187247664316,0.41828764195505863,-0.32921737118960254,0.6261995873582019,0.6072041480832193,0.09710629147940274,0.6228573907555893,-0.2302102098339553,0.012783395306679681,-0.10914680567917201,-0.3223852713291554,-0.34443956838781853,0.6200820555371532,-0.42341267515715436,0.0817538354624674,0.7090338230187092,-0.41528070249075116,0.45129047273179074,-0.440438928545078,0.4105285046514623,0.20675155072451556,-0.4990982997497214,0.34236415314053603,0.27053017362685045,0.5940084071453582,0.20201539323854,0.1609909844996315,0.44657742914606713,0.09436412734466063,0.4255031854840736,0.644243805577698,-0.2046905782152011,-0.3400422298626977,0.5209084067894424,-0.36819246486505947,0.2468102483333257,-0.41286953284934175,0.26580929016412563,-0.080255877296658,-0.04367642919758834,0.1933188823195262,0.18800468079200103,0.6172593079240446,-0.14780102451773336,0.060071004066648746,0.009991644980954962,0.2755942649058527
202097,0.01882775367538609,0.3803779727190826,0.540358038350757,-0.24642504762204506,0.3624502013059728,-0.17841254376789042,0.20975596454843826,0.4681929367415149,-0.17772767968704742,0.02977244196633143,-0.3985563461872235,1.0,0.6657310290176287,-0.2733714088729295,0.016213819011753897,0.4952017839480995,0.35049895904948286,0.22026329703802228,0.09015939761012881,0.44728794636418095,-0.21407956570844397,0.6821065439096623,0.341169891138695,0.4865918017498973,-0.09946024253924392,-0.31749552708457657,0.36797263132148594,-0.13153103532385255,0.21009145170400445,-0.16907101044322034,-0.2938009216438709,0.6405380693181343,0.16710731397064846,0.7701509014908662,0.28634450687034174,0.07326231235917784,0.1501578420374626,-0.0598887251429038,0.7956699720467341,0.41996908664172194,0.7516711115995233,0.10090717693881326,0.690088457880857,0.2786151936051287,-0.4265024281731506,0.3059314340833724,0.5664888379236307,0.03781790269448387,0.11738435460151105,-0.13572493284731466,0.09354607343263144,0.8307514321070928,0.37602278189722904,0.3401515227176636,0.5874298703876384,0.966980608235399,-0.026360859377273282,0.8690459927742287,0.6191111970503238,-0.6034005925325302,0.5869721676051198,0.06945296631372631,0.6122340365498145,0.3762971448861501,0.3569009481365353,0.609135827132646,0.41102931501093276,0.2535788117682176,-0.1244264220403346,0.39425925338071954,0.5399304331399815,0.4576418136103877,0.33017944983643993,0.4949999215722964,0.04293437836285175,0.872424750811114,0.44619383491201053,-0.40720350859773546,0.3288786068170915,0.294342713925818,0.9337124848695169,0.22344952469791657,0.08218668173347894,0.3443676082513938,0.1684174430992779,0.1490479847167849,0.19479484639883105,0.8146651759245479,0.13587382445141066,-0.08269608082605148,-0.3163714227994944
202096,0.26722630234986244,0.6086421733183618,-0.05910263663280228,-0.5280663268700949,0.2498583070635308,-0.45796615103298705,0.2757083692956588,0.46389127615374987,-0.06293731324863264,-0.16802350867618449,0.20048422657549106,0.6657310290176287,1.0,-0.06372326137410472,0.4555661310884112,0.2260011073265609,0.383666951128938,-0.18344322991224796,-0.13383617853226584,0.7319667411254377,0.030839352958179977,0.7739415757853273,0.6836900068176718,0.606320296863673,-0.11281434158338707,-0.08098806069672158,0.03236135955493784,0.07856171318306936,0.25053520995086426,-0.5043745437500635,0.10780716737575081,0.47281869554860606,-0.16573581362150497,0.4314041523111267,0.4593607926594588,-0.09354801332428794,-0.3769631693469266,-0.3235805103088858,0.5721198015248926,0.22285246952509652,0.2172130151643911,0.4948904147650591,0.2524048320588618,-0.2857195100182873,-0.013864218375607942,0.4925553140949586,0.2245158008881514,0.3013335611312682,0.19810078613726487,-0.20762035162437056,0.40791786969920546,0.5906657445705001,0.07891078434904197,0.08030219755647768,0.24920811833746334,0.6651111559455558,0.2410933058050968,0.4788615481664473,0.49227037528717194,-0.3578463381977018,0.185838953706218,0.31944622478637197,0.040571258977769725,0.5911227919588176,0.5589665042933325,0.0897057717796852,0.34271672572564804,0.3052233788910664,0.09850157560518936,0.33664379425093754,0.326023772586218,0.7510586125645841,0.03946080338333315,0.7971829714416845,0.44294798561015575,0.5676409432334085,-0.15521069666940665,-0.17110871792364016,-0.22301280978465715,0.45434227036577524,0.5716912515212345,0.18923147637535634,-0.22299764023350468,0.13859147226486052,-0.03435503021174303,0.3383107135292624,0.559868084333068,0.5691217356238883,-0.14142481090911954,-0.3692010955184916,-0.4322881164430407
202095,0.7091285708966669,0.550665632413262,-0.22682485143240597,-0.1662891837320227,0.05280871083631278,-0.1730516502001371,0.1707223371893385,-0.45342944892793274,0.2583200698578844,-0.11210954147651345,0.587061941838232,-0.2733714088729295,-0.06372326137410472,0.9999999999999998,0.5372899538927204,0.00907285230136393,-0.27991866158269973,-0.6747562632115964,0.5068979597360115,-0.20265041823018834,0.948652909480353,-0.04113196577921104,0.36932379710322144,0.268282072712873,0.4933736698971752,-0.09521816662118333,-0.546511144918325,0.6082338682143114,0.2742289683416058,-0.3791023040838446,0.9250384510642451,-0.3242461661699585,-0.3681191352782252,-0.44490274041112293,-0.3349087639208657,-0.07165930681771103,-0.056868144628768394,0.12300680760036198,-0.12522514792308784,0.039792270768950457,-0.42437857651257405,0.34948720503614544,-0.3348382475709645,-0.08444961969716215,0.7213451074121557,0.02179398465169095,-0.43351041203016694,0.632613349480656,0.6008123297230804,-0.23946904010346892,0.6105208708344048,-0.4398741255168998,0.4297291807618836,-0.642433832528551,-0.5475564757190244,-0.2822778560775971,0.4570880009214436,-0.22712643051606768,-0.26271217128368324,0.2657034455200966,0.12288737621662593,0.2523676132836888,-0.555730348974771,0.09111396209919029,-0.07703107154328065,-0.4943685010536869,0.36487583894048076,-0.0323253814512342,0.5726008583277722,0.14511418541901452,0.18906613863187313,0.346078420562749,0.516194108552829,0.4229167164904196,0.6330713752948368,-0.2967681274999965,-0.11071265112039713,0.6924718133354513,-0.11419337045246498,0.08035792155932478,-0.46640910135652797,0.1538958135101372,-0.25778414949393896,0.6022085208889594,0.514487858805238,0.1189160859935689,0.1250147573694769,-0.3663735319810601,-0.27869431567030295,-0.30504910944758024,0.35412771153071443
202094,0.6568409444996743,0.7285568774742333,-0.31072335429979697,-0.26644042215201924,0.14793088897430048,-0.37732749006819605,0.3667462737215058,0.04620461074666043,0.16227825385938668,0.2032328726782808,0.6856211743608591,0.016213819011753897,0.4555661310884112,0.5372899538927204,1.0,-0.06083582220997592,-0.17978173485199195,-0.7138624706582637,0.1200273008336426,0.25145111804545095,0.6211690845602392,0.3192630862072608,0.7338040989010208,0.4655672887781381,0.5297984768488739,-0.055753083503248736,-0.5463138523391784,0.512150468066412,-0.09319610437182245,-0.43001734778630296,0.6397096753100028,8.949638971056627e-05,-0.3338074913212642,-0.041663078100817354,0.0632813096197594,-0.32036615948526226,-0.3050020552553791,-0.30752872637929163,0.0053109528984800645,0.2799004239520339,-0.46905548353455756,0.9203641850225194,-0.10657839514457039,-0.3352002595950528,0.6728098097162554,0.6835784153016964,-0.15978758152602163,0.6934065273704387,0.5812057587687582,-0.4502282662168982,0.5407929680776001,0.13486737945513244,0.13841635792214135,-0.2988663651925875,-0.23184143771086885,0.045617712610375186,0.3976605260617385,-0.02231575569182245,0.13722718484997107,0.22019343194001234,-0.2008223013918188,0.28001388523663445,-0.36832267498546506,0.5136601087956112,0.13150089295280662,-0.518530966879006,0.5767367101808759,0.12999755555140982,0.841277815926872,0.30983829215977016,0.2515017676235617,0.7900533927615792,0.4166616073489296,0.700151985568799,0.7756514915066214,0.23619707642302445,-0.43121841000060906,0.3891421967636141,-0.2123853386639806,0.2797065431890716,-0.016504084793187893,0.20037052193363966,-0.2446889985196419,0.04026129396511748,0.4577210817185539,0.224553553696501,0.6215584254969276,0.19424056284269925,-0.16450706643662855,-0.3683681360707952,-0.2840797470245072
202093,0.2330897532452119,0.43201450843908323,0.0028456118934146414,0.03726151928531498,0.8501360437592648,-0.3939743420646406,-0.3726551527708708,0.5512245133628971,-0.10709872449186827,0.4008394236943577,-0.012290710978782095,0.4952017839480995,0.2260011073265609,0.00907285230136393,-0.06083582220997592,1.0000000000000002,0.09793750045043949,0.06358932999929272,0.38276493880924306,-0.05383230363531227,-0.05837828058803548,0.7084983550296693,0.3907771917824856,0.6486560010290612,-0.06470557853804619,-0.3019747826551779,0.4886282481810832,0.5241726103016258,-0.3225081884253056,-0.3398300155845516,0.13765088716517754,0.17444796864370707,0.10066666291978384,0.6200989957454163,-0.00470448627921354,-0.134886561214307,0.17086975772355062,-0.2266015440655543,0.640447670575376,0.733684879823955,0.5242397801065405,0.16206257096568022,0.6084506435700319,0.1722165932370798,-0.24569282724952557,0.22061577584307357,0.1598638661980427,-0.08815368433904655,0.6133268560075402,0.14935400965069992,0.5626513594548601,0.40114032999944915,0.6397113481400984,0.3666742281978467,0.7662959489892834,0.5077316963424807,0.054867089875962005,0.43511796676817516,0.5974096851222316,-0.1735927408838681,0.11037284692791581,-0.10053581598322113,0.4222857840229341,0.21972051005894455,0.5222939158457321,0.5607166290942989,0.486032309739457,0.7700000296118424,0.0021725651586815956,0.8295138163045622,0.3251581494761345,0.2307952389192211,0.3264239145468993,0.42548714081451133,0.41069853877735824,0.47714601083471003,0.6461044847386197,0.10671097496548924,0.20431861031824577,-0.17820803102602323,0.5535057462337021,-0.15450614022764683,0.5609423594406925,0.3925735031955957,0.20129523922975415,-0.5238592694675535,0.09733239494824698,0.4394000616355518,0.20149121354342514,-0.029341790917164476,0.5009615805050359
202091,0.27415213583942766,0.15320591290013938,0.14325126291937088,-0.01736783068699699,-0.07571541916787773,0.22356170218721502,-0.1653359411318978,0.6147497179677741,0.30371953006708236,-0.5786351330619445,-0.10532871460072533,0.35049895904948286,0.383666951128938,-0.27991866158269973,-0.17978173485199195,0.09793750045043949,1.0,0.15616640198970272,-0.6600350418001871,0.710184037047008,-0.3449869932558762,0.28566637710738924,0.40166948192445856,0.17210713281530013,-0.3813802097530319,0.15242614586554948,0.49328802543773054,-0.4823826246202032,0.08177917780385283,0.014104943434786266,-0.25652087071195173,0.2874713813318303,0.6292882672444517,-0.0439735941374148,0.9190316636018464,0.42479537962377123,-0.20324098787725828,-0.4737641139564392,0.09909544171270068,-0.3965319731028602,0.5567103427480101,-0.2970745675295819,-0.19837874613883472,-0.4311853012504139,-0.43398851651206893,-0.3824124654995663,-0.2339983564068753,0.13714963865591,-0.0035030691252837046,0.5756883055968796,0.21542805843897322,0.18758011351962672,-0.3619307652596614,0.44801714849927327,0.36467960328570703,0.341740164107763,0.5411000736877716,-0.125279230402681,0.5594132156458784,-0.07774899234928724,0.5648176030755832,0.10784093573851146,0.3321917045476135,0.3217432339787755,0.7771681470136973,0.6282121499650957,0.1453688130375249,0.48786992038100296,-0.5787984376851868,-0.31319748007444187,0.16911558329563045,0.31580681504097075,-0.5687492741188206,0.18421950734016526,-0.1620232114153467,0.06055976587628073,0.43534676872435396,-0.754146643249839,-0.5272752366146153,0.6400899648630066,0.24429810127559345,0.41028515656824227,-0.07517010892383202,0.2989451398186999,-0.6671997797280401,0.5422311898897221,0.35975243134657064,0.4846139152766421,0.12426383160541621,0.27268329283819903,0.0002525807788526152
202090,-0.5876778711686005,-0.5570259219721682,0.5828986245679251,0.6205511735802244,-0.013385282598261895,0.6074042111069226,0.0794300478260586,0.2508892867725804,-0.08738579942974697,0.15932453284015455,-0.45158528769712264,0.22026329703802228,-0.18344322991224796,-0.6747562632115964,-0.7138624706582637,0.06358932999929272,0.15616640198970272,1.0,-0.08330801464320148,0.06764436408042242,-0.7210878348264113,-0.25081499475484076,-0.5359117041620873,-0.47641434862571275,-0.14303464987103096,-0.39608674379601894,0.7472998621813057,-0.45794097082031926,0.09018653176588694,0.7580065003656072,-0.7172151172957884,0.5163072060456593,0.5743980687311481,0.4397410554253649,0.13147114681918912,0.5379521976215081,0.5653746728267394,0.4086772471795498,0.24690110179539862,-0.08635335340847106,0.5666300978419353,-0.511918518785424,0.4601066699630371,0.5594416498190425,-0.4478501467503913,-0.13022883804364338,0.6182986381505883,-0.4875080527059066,-0.45151729871842633,0.5009030709483935,-0.5943459424409555,0.30954480826186886,-0.12514506210921553,0.6902877222485985,0.36541964204503796,0.16189156528223195,-0.30383900580160716,0.2954968975097904,0.18879193510737238,0.07976188928120066,0.10897085448575962,0.012396579924490883,0.7309371603010903,-0.18721142445810454,-0.13808613511784626,0.563515496401383,-0.238743679565455,-0.08803171393847342,-0.5170669417898138,-0.14116944614368693,0.09381357932833424,-0.507983607043991,-0.18069957655938748,-0.6145397777350609,-0.766196752465087,0.21550375098580693,0.42564188266746483,-0.4244479353734514,0.45083982406775364,-0.0694294870342233,0.32297065270501135,0.14590645575188665,0.4979267318157223,-0.3310151229402659,-0.15806504360397933,0.006754839366994424,-0.23823744192120802,0.2536993299629155,0.6112526899966246,0.6949692215863765,0.12103621313515285
202089,0.060535623488561355,0.3432157840229919,0.20292970966316862,0.05038112853452412,0.5389915977469016,-0.130100064783041,0.13177903532383828,-0.37057614292724683,-0.3893535423909351,0.5064509259642689,0.09240220112286758,0.09015939761012881,-0.13383617853226584,0.5068979597360115,0.1200273008336426,0.38276493880924306,-0.6600350418001871,-0.08330801464320148,1.0,-0.5706037772927273,0.5793165910201746,0.128729391403455,-0.07826979758781304,0.11259659979980477,0.5248520108714774,-0.45296886574831047,-0.09813930053068691,0.700019777463493,0.24105522665163456,-0.20597085177348953,0.48170205143238526,0.0720232693395735,-0.45332899263853454,0.3274226892459012,-0.7313871221762946,-0.04272547356265179,0.4438925972105415,0.5854819117784439,0.45310676765009655,0.6022481582611047,0.009052862451503654,0.2258103312345421,0.5199756501540129,0.6088057431129257,0.42019184113735564,0.31325058383763477,0.38437638588369766,0.18582557454424795,0.44743307734587906,-0.2628134024498293,0.21487383745257074,0.1095314126862099,0.9090403213840224,-0.3010709886124174,-0.14488243841426068,0.08710755289401949,-0.17139729406409246,0.39574283836385876,-0.09373937771651403,-0.022781581170673776,-0.052695530130521924,0.2788132734112257,0.0021238478459325322,0.07198933184497538,-0.34716563416616597,-0.14497301886611938,0.14610825325571525,-0.1279680327728416,0.41707449563246796,0.6065344461456023,0.3686618891783062,-0.08071818619933249,0.794153451760084,0.17269362674949176,0.3603396989608469,0.17267068343558303,0.12102953602823155,0.7744992835996288,0.6829981591780211,-0.3077610039401805,0.09942125317998272,-0.07044704689336237,0.2654000240952641,0.33780895967024505,0.8408442742064685,-0.41162532906561833,-0.1325950783243955,-0.13377996172830814,0.15345432396065253,-0.16653563963959983,0.4029891558008679
202088,0.365869550716375,0.29987355616996875,0.11983850387389856,-0.10000514599055248,-0.08895824286425331,0.061788430531604405,0.4402067841434286,0.6150142137201675,0.19634179165527793,-0.4469086324688213,0.2423902179825556,0.44728794636418095,0.7319667411254377,-0.20265041823018834,0.25145111804545095,-0.05383230363531227,0.710184037047008,0.06764436408042242,-0.5706037772927273,1.0,-0.22894383217901632,0.38592224225066185,0.542809410101654,0.18588647605329287,-0.05805866903980962,0.12099988489141018,0.2804434807851188,-0.3571643339006086,0.11036485485703307,-0.012460229430084678,-0.13819126576779994,0.5892262682529232,0.31881812583365526,0.14213177164316712,0.8294013827175294,0.36653355363335816,-0.139700192180692,-0.2930676213668138,0.28160297116003924,-0.3207275784004586,0.30171082929890547,0.21248583715969713,-0.05533723703208004,-0.2826171654957072,-0.03299203661805142,0.19282025658711394,0.07163029681734194,0.3817267906369642,0.03276935115402407,0.26046267339741186,0.17422878144944556,0.4220554934023943,-0.37385371033594583,0.4152249251065639,0.16762448809238256,0.4813390552073802,0.5717801966585475,0.12486380566275178,0.5616911876463986,0.036606674952750634,0.31614725042037456,0.3609185866646853,0.20983761174053697,0.5562273055935704,0.547408721921024,0.26475166252628957,0.23790184450559734,0.25932301026594484,-0.16228441201033042,-0.18289611645068723,0.38506003426267027,0.5634539881411165,-0.31242803923096524,0.4478770879953304,0.0110881025743824,0.3643130240491659,0.015298424902148656,-0.5804302417326594,-0.3765297734232126,0.7777023909783223,0.3465714253825066,0.5968544369834988,-0.33944021450837014,0.003578439563410813,-0.3862227872997782,0.732691443901603,0.6709835718455383,0.5676753586602024,0.1348877295271357,0.19035946085006264,-0.37382689278672754
202087,0.6211414863507034,0.6344720123520934,-0.18192446168693605,-0.26593897256934457,0.11591349572923877,-0.20199569734323672,0.21018972526696897,-0.4865025585612571,0.04190299886289334,-0.03153832066740132,0.5377318029018731,-0.21407956570844397,0.030839352958179977,0.948652909480353,0.6211690845602392,-0.05837828058803548,-0.3449869932558762,-0.7210878348264113,0.5793165910201746,-0.22894383217901632,1.0,0.04095532435613998,0.37160627555255876,0.24128563537438685,0.5623775120127752,-0.0781742799881609,-0.5982196615457689,0.6337147187039639,0.34233314203916615,-0.4777168821166982,0.9090268246646909,-0.24577454386051553,-0.508729500770687,-0.3484848592144128,-0.3641831975991176,-0.10035615273534458,-0.0871298344601866,0.17320239365830295,-0.031795849734628685,0.11954337172041439,-0.43026695628000383,0.43452643629635135,-0.23519093187739185,-0.07423245363789341,0.7627278119440436,0.14759431405287637,-0.2975029172709602,0.6945262878353519,0.5793067886420356,-0.33277564590084685,0.5618031925999204,-0.29194999966230484,0.5077989818437626,-0.6991738793517922,-0.6018133338896806,-0.2050209984180981,0.38289523393741404,-0.1535396544681474,-0.2364375307372925,0.16592865168865512,0.05905354610079109,0.3875497967383562,-0.5593907123936763,0.23637335202610382,-0.10763853491195274,-0.5436462382855488,0.2827708024044512,-0.12224334277987355,0.607722176583688,0.18747123036223187,0.24482863361701201,0.3688001224701999,0.5423547255637269,0.4832366627969062,0.6775722605184271,-0.2196952972463081,-0.2362716617158336,0.7371637758077577,-0.026238886027274116,0.12711567820324998,-0.368322571441735,0.15427667003133305,-0.29542551474026435,0.5355001474827515,0.5903514849995299,0.1195642051109856,0.20449422139763418,-0.3094109066801664,-0.2503532095689982,-0.4040691410948371,0.21491194567371
